1
4
4
3
9
6
23425
6
456
7
54
78
5234523452
4534
654
7343
2352
644345232
32
54
78
975
6555
2908
2816
7016
9804
2787
4789
2161
927
6875
9696
7663
3044
4342
6140
5139
8938
6400
9295
1191
685
9836
101
6391
3004
4019
73
8134
5210
400
5015
5693
7487
2440
6975
2514
1649
5438
7240
1208
3705
5669
4534
3700
65
8754
9453
7934
3268
8994
425
237
506
418
44
794
407
441
982
825
443
396
366
993
510
653
310
545
704
157
47
274
984
844
824
837
988
207
52
422
575
837
204
363
371
465
969
834
161
507
650
535
11
16
646
720
350
855
834
24